4
43 64 84
19.2194 17.9808 1.58
96
38.8531 40.7641 -2.54033
38.8531 40.7641 -2.54033
38.4579 40.4594 -2.42938
38.0988 40.1128 -2.31842
37.7803 39.7286 -2.20747
37.5063 39.3115 -2.09651
37.2802 38.8667 -1.98556
37.1048 38.3995 -1.8746
36.9794 37.9164 -1.79872
36.8666 37.43 -1.79872
36.7538 36.9436 -1.79872
36.6409 36.4572 -1.79872
36.5281 35.9708 -1.79872
36.4153 35.4844 -1.79872
36.3025 34.9981 -1.79872
36.1897 34.5117 -1.79872
36.0769 34.0253 -1.79872
35.964 33.5389 -1.79872
35.8512 33.0525 -1.79872
35.7384 32.5661 -1.79872
35.6256 32.0798 -1.79872
35.5128 31.5934 -1.79872
35.4 31.107 -1.79872
35.2871 30.6206 -1.79872
35.1743 30.1342 -1.79872
35.0615 29.6478 -1.79872
34.9487 29.1615 -1.79872
34.8359 28.6751 -1.79872
34.7231 28.1887 -1.79872
34.6102 27.7023 -1.79872
34.4974 27.2159 -1.79872
34.3846 26.7295 -1.79872
34.2718 26.2432 -1.79872
34.159 25.7568 -1.79872
34.0461 25.2704 -1.79872
33.9333 24.784 -1.79872
33.8205 24.2976 -1.79872
33.7077 23.8112 -1.79872
33.5949 23.3249 -1.79872
33.4821 22.8385 -1.79872
33.3692 22.3521 -1.79872
33.2595 21.865 -1.76124
33.1924 21.3705 -1.65028
33.1804 20.8716 -1.53933
33.2237 20.3745 -1.42837
33.3218 19.8852 -1.31742
33.4735 19.4098 -1.20647
33.6769 18.954 -1.09551
33.9295 18.5237 -0.984556
34.2282 18.1239 -0.873601
34.5694 17.7597 -0.762647
34.9488 17.4354 -0.651692
35.3617 17.1552 -0.540737
34.9143 17.3907 -0.428332
34.4434 17.5745 -0.315926
33.9548 17.7044 -0.20352
33.4547 17.7786 -0.0911146
32.9494 17.7962 0.0212911
32.4454 17.7571 0.133697
31.9477 17.6673 0.195396
31.4515 17.5691 0.195396
30.9553 17.4709 0.195396
30.4591 17.3727 0.195396
29.9629 17.2745 0.195396
29.4667 17.1763 0.195396
28.9705 17.0781 0.195396
28.4743 16.9799 0.195396
27.9781 16.8816 0.195396
27.4819 16.7834 0.195396
26.9857 16.6852 0.195396
26.4895 16.587 0.195396
25.9933 16.4888 0.195396
25.4971 16.3906 0.195396
25.0009 16.2924 0.195396
24.5047 16.1942 0.195396
24.0085 16.096 0.195396
23.5123 15.9978 0.195396
23.0161 15.8996 0.195396
22.5199 15.8014 0.195396
22.0237 15.7031 0.195396
21.5275 15.6049 0.195396
21.0313 15.5067 0.195396
20.5351 15.4083 0.204903
20.0467 15.2778 0.317308
19.576 15.0933 0.429714
19.129 14.8572 0.54212
18.6704 14.5408 0.666011
18.2545 14.1701 0.789903
18.3366 14.2884 0.913795
18.6489 14.7498 1.03769
18.9018 15.2462 1.16158
19.0914 15.7701 1.28547
19.2149 16.3134 1.40936
19.2702 16.8678 1.53325
19.2566 17.4248 1.65715
19.2194 17.9808 1.58
182 103 126
19.2194 5.42312 -1.56
82
0.653278 32.3284 1.13501
0.653278 32.3284 1.13501
0.468097 31.8652 1.24592
0.33532 31.3844 1.35683
0.256578 30.8918 1.46774
0.232839 30.3935 1.57864
0.264396 29.8957 1.68955
0.350859 29.4044 1.80046
0.482132 28.9229 1.84656
0.618025 28.4427 1.84656
0.753918 27.9625 1.84656
0.889811 27.4823 1.84656
1.0257 27.002 1.84656
1.1616 26.5218 1.84656
1.29749 26.0416 1.84656
1.43338 25.5613 1.84656
1.56928 25.0811 1.84656
1.70517 24.6009 1.84656
1.84106 24.1206 1.84656
1.97696 23.6404 1.84656
2.11285 23.1602 1.84656
2.24874 22.6799 1.84656
2.38464 22.1997 1.84656
2.52053 21.7195 1.84656
2.65642 21.2392 1.84656
2.79232 20.759 1.84656
2.92821 20.2788 1.84656
3.0641 19.7985 1.84656
3.19999 19.3183 1.84656
3.33589 18.8381 1.84656
3.47178 18.3578 1.84656
3.60767 17.8776 1.84656
3.74357 17.3974 1.84656
3.87946 16.9172 1.84656
4.01535 16.4369 1.84656
4.15125 15.9567 1.84656
4.28714 15.4765 1.84656
4.42303 14.9962 1.84656
4.55893 14.516 1.84656
4.69482 14.0358 1.84656
4.84326 13.5594 1.923
5.04084 13.1019 2.03381
5.28781 12.6689 2.14463
5.58113 12.266 2.25544
5.91722 11.898 2.36625
6.29194 11.5693 2.47707
6.70065 11.2841 2.58082
7.12294 11.0189 2.58082
7.54523 10.7537 2.58082
7.96752 10.4885 2.58082
8.38981 10.2233 2.58082
8.8121 9.95805 2.58082
9.23439 9.69284 2.58082
9.65668 9.42764 2.58082
10.079 9.16243 2.58082
10.5013 8.89722 2.58082
10.9235 8.63202 2.58082
11.3458 8.36681 2.58082
11.7681 8.10161 2.58082
12.1904 7.8364 2.58082
12.6127 7.57119 2.58082
13.035 7.30599 2.58082
13.4573 7.04078 2.58082
13.8796 6.77557 2.58082
14.3139 6.53113 2.68414
14.7726 6.3361 2.79495
15.25 6.19299 2.90577
15.7403 6.10356 3.01658
16.2375 6.06889 3.12739
16.7355 6.08943 -3.04498
17.2282 6.1649 -2.93416
17.7094 6.2944 -2.82335
18.1735 6.47632 -2.71254
18.6145 6.70845 -2.60172
19.0961 7.04148 -2.47151
19.5305 7.43423 -2.34129
19.9101 7.88004 -2.21108
19.792 7.66875 -2.08086
19.5399 7.14022 -1.95065
19.3587 6.58342 -1.82043
19.2512 6.00781 -1.69022
19.2194 5.42312 -1.56
3 45 226
10.0924 17.9161 1.58
97
35.0407 29.8244 2.79885
35.0407 29.8244 2.79885
34.5838 30.0164 2.68865
34.7845 29.8926 2.57845
35.1884 29.6053 2.46825
35.5583 29.2753 2.35805
35.8896 28.9067 2.24786
36.1784 28.5039 2.13766
36.4211 28.0717 2.02746
36.6148 27.6155 1.91726
36.7572 27.1408 1.80706
36.8465 26.6532 1.69686
36.8816 26.1588 1.58666
36.8622 25.6636 1.47646
36.7884 25.1734 1.36626
36.7035 24.6851 1.45234
36.6721 24.1905 1.56254
36.6953 23.6953 1.67274
36.7728 23.2058 1.78293
36.9037 22.7278 1.89313
37.0863 22.267 2.00333
37.3186 21.8291 2.11353
37.5975 21.4194 2.22373
37.9199 21.0429 2.33393
38.2817 20.7042 2.44413
38.6785 20.4072 2.55433
39.0674 20.1756 2.66453
38.6152 20.3786 2.77473
38.1366 20.5324 2.88651
37.6437 20.6319 2.9983
37.1429 20.6758 3.11008
36.6403 20.6636 -3.06132
36.1421 20.5953 -2.94953
35.6547 20.4719 -2.83775
35.1841 20.2949 -2.72596
34.7362 20.0665 -2.61418
34.3166 19.7896 -2.50239
33.9227 19.4768 -2.46375
33.5309 19.1613 -2.46375
33.139 18.8459 -2.46375
32.7472 18.5304 -2.46375
32.3554 18.215 -2.46375
31.9636 17.8995 -2.46375
31.5717 17.5841 -2.46375
31.1799 17.2686 -2.46375
30.7881 16.9531 -2.46375
30.3962 16.6377 -2.46375
30.0044 16.3222 -2.46375
29.6126 16.0068 -2.46375
29.2208 15.6913 -2.46375
28.8289 15.3758 -2.46375
28.4371 15.0604 -2.46375
28.0453 14.7449 -2.46375
27.6534 14.4295 -2.46375
27.2616 14.114 -2.46375
26.8698 13.7985 -2.46375
26.478 13.4831 -2.46375
26.0861 13.1676 -2.46375
25.6943 12.8522 -2.46375
25.3025 12.5367 -2.46375
24.9106 12.2212 -2.46375
24.5188 11.9058 -2.46375
24.127 11.5903 -2.46375
23.7327 11.278 -2.50559
23.3006 10.9957 -2.62036
22.8389 10.7647 -2.73514
22.3538 10.5882 -2.84991
21.8518 10.4683 -2.96468
21.3392 10.4068 -3.07946
20.823 10.4043 3.08896
20.31 10.461 2.97418
19.8068 10.5761 2.85941
19.32 10.748 2.74464
18.8513 10.9647 2.69975
18.3844 11.1856 2.69975
17.9175 11.4064 2.69975
17.4506 11.6273 2.69975
16.9838 11.8481 2.69975
16.5169 12.069 2.69975
16.05 12.2899 2.69975
15.5831 12.5107 2.69975
15.1163 12.7316 2.69975
14.6494 12.9524 2.69975
14.1825 13.1733 2.69975
13.7156 13.3941 2.69975
13.2487 13.615 2.69975
12.7819 13.8358 2.69975
12.3227 14.0718 2.61296
11.8926 14.3572 2.49819
11.4981 14.6901 2.38341
11.1442 15.066 2.26864
10.8358 15.4799 2.15387
10.5767 15.9264 2.03909
10.3705 16.3996 1.92432
10.2199 16.8933 1.80955
10.1268 17.401 1.69477
10.0924 17.9161 1.58
101 107 177
28.573 5.39075 -1.56
66
6.43235 9.24538 -1.25459
6.43235 9.24538 -1.25459
6.46873 9.12927 -1.29184
6.58171 8.62848 -1.40598
6.63692 8.11808 -1.52013
6.63363 7.60471 -1.63427
6.57189 7.09506 -1.74842
6.58333 7.07991 -1.86256
6.75881 7.56237 -1.97671
6.98809 8.0217 -2.09085
7.2682 8.45192 -2.205
7.59549 8.84745 -2.31915
7.9657 9.20312 -2.43329
8.37401 9.51431 -2.54744
8.8151 9.77697 -2.66158
9.28324 9.98768 -2.77573
9.77234 10.1437 -2.88987
10.276 10.243 -3.00402
10.7877 10.2843 -3.11817
11.3008 10.267 3.05087
11.8086 10.1914 2.93673
12.3085 10.0734 2.90556
12.8079 9.9533 2.90556
13.3073 9.83318 2.90556
13.8067 9.71307 2.90556
14.3062 9.59295 2.90556
14.8056 9.47283 2.90556
15.305 9.35271 2.90556
15.8044 9.23259 2.90556
16.3038 9.11247 2.90556
16.8032 8.99236 2.90556
17.3026 8.87224 2.90556
17.802 8.75212 2.90556
18.3015 8.632 2.90556
18.8009 8.51188 2.90556
19.3003 8.39176 2.90556
19.7997 8.27165 2.90556
20.2991 8.15153 2.90556
20.7985 8.03141 2.90556
21.2979 7.91129 2.90556
21.7974 7.79117 2.90556
22.3007 7.68981 2.99784
22.8121 7.64537 3.11199
23.3253 7.65947 -3.05705
23.8335 7.73192 -2.94291
24.3302 7.8618 -2.82876
24.8089 8.0474 -2.71462
25.2633 8.2863 -2.60047
25.6875 8.57541 -2.48632
26.076 8.91096 -2.37218
26.4238 9.28858 -2.25803
26.7264 9.70335 -2.14389
26.9909 10.1727 -2.0241
27.1974 10.6703 -1.9043
27.3134 11.0574 -1.78451
27.2308 10.525 -1.66472
27.2125 9.98657 -1.54493
27.2586 9.44981 -1.42514
27.3686 8.92241 -1.30535
27.5408 8.41193 -1.18555
27.7728 7.92569 -1.06576
28.0438 7.45984 -1.08083
28.2684 6.97016 -1.20063
28.4329 6.45714 -1.32042
28.5349 5.92815 -1.44021
28.573 5.39075 -1.56
