2
176 78 218
33.21 10.8 0
125
3.73 10.8 0
3.73 10.8 0
4.24719 10.8 5.55112e-17
4.76439 10.8 5.55112e-17
5.28158 10.8 5.55112e-17
5.79877 10.8 5.55112e-17
6.31596 10.8 5.55112e-17
6.83316 10.8 5.55112e-17
7.35035 10.8 5.55112e-17
7.86754 10.8 5.55112e-17
8.38474 10.8 5.55112e-17
8.90193 10.8 5.55112e-17
9.41912 10.8 5.55112e-17
9.93632 10.8 5.55112e-17
10.4535 10.8 5.55112e-17
10.9707 10.8 5.55112e-17
11.4879 10.8 5.55112e-17
12.0051 10.8 5.55112e-17
12.5223 10.8 5.55112e-17
13.0395 10.8 5.55112e-17
13.5567 10.8 5.55112e-17
14.0739 10.8 5.55112e-17
14.0739 10.8 5.55112e-17
14.0739 10.8 5.55112e-17
14.0739 10.8 5.55112e-17
14.0739 10.8 5.55112e-17
14.0739 10.8 5.55112e-17
14.0739 10.8 5.55112e-17
14.0739 10.8 5.55112e-17
14.0739 10.8 5.55112e-17
14.0739 10.8 5.55112e-17
14.0739 10.8 5.55112e-17
14.0739 10.8 5.55112e-17
14.0739 10.8 5.55112e-17
14.0739 10.8 5.55112e-17
14.0739 10.8 5.55112e-17
14.0739 10.8 5.55112e-17
14.0739 10.8 5.55112e-17
14.0739 10.8 5.55112e-17
14.0739 10.8 5.55112e-17
14.0739 10.8 5.55112e-17
14.0739 10.8 5.55112e-17
14.0739 10.8 5.55112e-17
14.0739 10.8 5.55112e-17
14.0739 10.8 5.55112e-17
14.0739 10.8 5.55112e-17
14.0739 10.8 5.55112e-17
14.0739 10.8 5.55112e-17
14.0739 10.8 5.55112e-17
14.0739 10.8 5.55112e-17
14.0739 10.8 5.55112e-17
14.0739 10.8 5.55112e-17
14.0739 10.8 5.55112e-17
14.0739 10.8 5.55112e-17
14.0739 10.8 5.55112e-17
14.0739 10.8 5.55112e-17
14.0739 10.8 5.55112e-17
14.0739 10.8 5.55112e-17
14.0739 10.8 5.55112e-17
14.0739 10.8 5.55112e-17
14.0739 10.8 5.55112e-17
14.0739 10.8 5.55112e-17
14.0739 10.8 5.55112e-17
14.0739 10.8 5.55112e-17
14.0739 10.8 5.55112e-17
14.0739 10.8 5.55112e-17
14.0739 10.8 5.55112e-17
14.0739 10.8 5.55112e-17
14.0739 10.8 5.55112e-17
14.0739 10.8 5.55112e-17
14.0739 10.8 5.55112e-17
14.0739 10.8 5.55112e-17
14.0739 10.8 5.55112e-17
14.0739 10.8 5.55112e-17
14.0739 10.8 5.55112e-17
14.0739 10.8 5.55112e-17
14.0739 10.8 5.55112e-17
14.0739 10.8 5.55112e-17
14.0739 10.8 5.55112e-17
14.0739 10.8 5.55112e-17
14.0739 10.8 5.55112e-17
14.0739 10.8 5.55112e-17
14.0739 10.8 5.55112e-17
14.0739 10.8 5.55112e-17
14.0739 10.8 5.55112e-17
14.0739 10.8 5.55112e-17
14.0739 10.8 5.55112e-17
14.0739 10.8 5.55112e-17
14.0739 10.8 5.55112e-17
14.0739 10.8 5.55112e-17
14.5911 10.8 5.55112e-17
15.1082 10.8 5.55112e-17
15.6254 10.8 5.55112e-17
16.1426 10.8 5.55112e-17
16.6598 10.8 5.55112e-17
17.177 10.8 5.55112e-17
17.6942 10.8 5.55112e-17
18.2114 10.8 5.55112e-17
18.7286 10.8 5.55112e-17
19.2458 10.8 5.55112e-17
19.763 10.8 5.55112e-17
20.2802 10.8 5.55112e-17
20.7974 10.8 5.55112e-17
21.3146 10.8 5.55112e-17
21.8318 10.8 5.55112e-17
22.3489 10.8 5.55112e-17
22.8661 10.8 5.55112e-17
23.3833 10.8 5.55112e-17
23.9005 10.8 5.55112e-17
24.4177 10.8 5.55112e-17
24.9349 10.8 5.55112e-17
25.4521 10.8 5.55112e-17
25.9693 10.8 5.55112e-17
26.4865 10.8 5.55112e-17
27.0037 10.8 5.55112e-17
27.5209 10.8 5.55112e-17
28.0381 10.8 5.55112e-17
28.5553 10.8 5.55112e-17
29.0725 10.8 5.55112e-17
29.5896 10.8 5.55112e-17
30.1068 10.8 5.55112e-17
30.624 10.8 5.55112e-17
31.1412 10.8 5.55112e-17
31.6584 10.8 5.55112e-17
32.1756 10.8 5.55112e-17
30 97 178
3.73 10.8 3.14159
67
33.21 10.8 3.14159
33.21 10.8 3.14159
32.6928 10.8 -3.14159
32.1756 10.8 -3.14159
31.6584 10.8 -3.14159
31.1412 10.8 -3.14159
30.624 10.8 -3.14159
30.1068 10.8 -3.14159
29.5896 10.8 -3.14159
29.0725 10.8 -3.14159
28.5553 10.8 -3.14159
28.0381 10.8 -3.14159
27.5209 10.8 -3.14159
27.0037 10.8 -3.14159
26.4865 10.8 -3.14159
25.9693 10.8 -3.14159
25.4521 10.8 -3.14159
24.9349 10.8 -3.14159
24.4177 10.8 -3.14159
23.9005 10.8 -3.14159
23.3833 10.8 -3.14159
22.8661 10.8 -3.14159
22.8661 10.8 -3.14159
23.3791 10.8293 -3.02736
23.0346 10.7618 -2.91313
22.5416 10.617 -2.79891
22.0684 10.4171 -2.68468
21.621 10.1645 -2.57045
21.2054 9.86252 -2.45622
20.815 9.5282 -2.46714
20.4099 9.20431 -2.46714
20.0048 8.88041 -2.46714
19.5997 8.55652 -2.46714
19.1946 8.23262 -2.46714
18.7895 7.90873 -2.46714
18.3843 7.58483 -2.46714
17.9792 7.26094 -2.46714
17.5741 6.93705 -2.46714
17.155 6.632 -2.56938
16.7128 6.38137 -2.68238
16.2453 6.18219 -2.79537
15.7583 6.037 -2.90837
15.258 5.94766 -3.02137
14.7508 5.91529 -3.13436
14.2432 5.94032 3.03583
13.7416 6.02242 2.92283
13.2526 6.16056 2.80983
12.7822 6.35296 2.69683
12.3345 6.59376 2.62573
11.8922 6.84459 2.62573
11.4498 7.09542 2.62573
11.0075 7.34625 2.62573
10.5652 7.59707 2.62573
10.1229 7.8479 2.62573
9.68058 8.09873 2.62573
9.23827 8.34956 2.62573
8.79595 8.60039 2.62573
8.35364 8.85122 2.62573
7.91132 9.10205 2.62573
7.46901 9.35287 2.62573
7.02669 9.6037 2.62573
6.58438 9.85453 2.62573
6.14206 10.1054 2.62573
5.69539 10.3481 2.6896
5.22641 10.5439 2.8026
4.73834 10.6856 2.9156
4.2374 10.7713 3.02859
